233.371155
225.182709
232.871857
231.573685
236.366943
236.766388
231.174255
225.681992
223.984390
219.191147
221.088470
217.193954
219.690445
216.894379
219.590576
228.577911
219.091278
220.389450
216.894379
218.791718
213.898605
215.196777
214.397888
219.890152
213.698883
223.485092
216.994247
220.289597
219.890152
221.887344
219.790314
221.288193
191.729843
186.936584
180.745316
183.141937
175.852219
179.147568
180.196091
169.061783
174.354324
168.762207
171.108902
167.963318
169.760788
168.113129
169.511154
164.568115
163.769241
164.967545
160.923248
164.518188
169.411285
169.011856
172.257278
175.952072
179.646866
179.746719
183.191864
180.695389
182.792435
183.791031
192.978073
191.030823
187.086395
194.575836
192.079346
194.276260
194.226318
197.371887
202.514648
200.217880
195.324783
194.625748
192.828293
189.532944
197.671463
193.427444
193.177795
193.477371
187.735474
190.231949
197.371887
203.613083
201.615906
206.109573
199.718582
197.072311
208.206619
206.509018
207.507614
204.811417
200.717178
198.719986
202.714355
198.120834
198.520279
193.077942
197.272034
201.216476
208.805786
203.513245
201.715775
195.174988
188.534348
189.732651
204.012543
205.810013
206.199997
207.399994
213.000000
216.399994
219.300003
217.699997
224.600006
237.300003
248.199997
253.199997
263.899994
262.100006
263.200012
252.100006
244.800003
244.199997
241.899994
246.500000
244.100006
238.899994
241.600006
248.699997
259.600006
255.199997
262.799988
253.300003
239.100006
238.899994
248.500000
243.500000
301.000000
312.799988
290.500000
300.899994
304.299988
310.000000
316.100006
330.000000
324.799988
323.700012
315.000000
319.600006
330.299988
328.200012
320.799988
309.500000
301.100006
299.899994
286.500000
275.600006
273.899994
288.200012
285.399994
287.100006
282.799988
266.600006
260.899994
255.899994
256.500000
268.500000
275.899994
285.399994
274.100006
277.200012
281.200012
270.000000
270.500000
273.100006
277.100006
285.799988
282.299988
270.000000
271.299988
281.000000
280.899994
297.899994
318.000000
305.399994
308.700012
312.299988
308.200012
315.500000
311.200012
319.700012
339.100006
344.399994
342.000000
332.700012
346.000000
343.799988
349.500000
355.399994
346.700012
346.600006
338.899994
338.299988
347.399994
325.600006
329.500000
324.399994
301.100006
232.600006
229.699997
218.699997
216.000000
224.899994
227.199997
237.100006
232.699997
223.399994
232.899994
227.000000
231.000000
226.699997
228.000000
230.399994
233.199997
235.000000
241.699997
234.199997
229.899994
234.899994
231.500000
231.800003
228.199997
234.600006
231.399994
234.100006
229.899994
233.300003
231.500000
237.600006
241.000000
241.100006
237.300003
215.500000
218.800003
223.500000
230.699997
230.100006
224.500000